10
70
0.193304
0
90
0.479873
20
40
0.174108
50
10
0.513535
50
20
0.147313
60
10
0.445692
20
30
0.0089114
20
10
0.571184
80
50
0.166234
60
10
0.352123
90
20
0.783319
90
50
0.30195
30
10
0.955901
40
10
0.235328
30
80
0.779656
40
20
0.999695
70
90
0.266213
10
90
0.0237434
60
50
0.677206
20
80
0.91879
0
20
0.587909
80
60
0.726493
0
90
0.743736
0
60
0.949156
30
80
0.599048
30
40
0.608966
60
0
0.151555
60
10
0.802881
40
90
0.751549
30
70
0.657308
80
20
0.699759
10
30
0.949583
90
80
0.692892
0
70
0.0703757
30
60
0.153233
50
40
0.582049
0
90
0.817194
30
70
0.503922
60
0
0.27958
60
50
0.755852
50
40
0.12302
20
0
0.0350963
10
40
0.426222
0
70
0.921384
50
90
0.982971
80
10
0.567278
20
60
0.839442
0
30
0.890164
0
10
0.572588
50
0
0.194067
40
70
0.657613
30
50
0.123325
20
0
0.314066
60
40
0.336314
60
10
0.83462
90
80
0.747215
10
40
0.00161748
90
80
0.852626
0
80
0.553209
70
80
0.454512
80
30
0.543443
10
0
0.201941
30
40
0.436689
60
50
0.532579
0
90
0.504135
60
80
0.924802
40
80
0.17835
20
50
0.625172
30
70
0.89462
30
80
0.769066
0
60
0.451613
10
90
0.634724
90
70
0.624775
20
80
0.375134
80
90
0.555132
70
80
0.18894
50
80
0.584613
10
20
0.0803858
20
50
0.62038
60
20
0.149113
50
30
0.911557
20
40
0.0432142
10
80
0.315012
90
70
0.869045
20
90
0.154881
20
0
0.0766015
30
90
0.545091
80
10
0.298746
50
30
0.152654
50
20
0.313883
80
60
0.873348
70
20
0.943999
90
40
0.784967
90
60
0.956114
80
20
0.653859
50
40
0.505051
10
20
0.91998
0
80
0.114536
90
30
0.496811
60
70
0.382366
